64 128 128 128
128 512 512 526
160 800 800 876
192 1152 1152 0
224 1568 1568 0
256 2048 2048 2835
288 2592 4211 3382
320 5014 10127 4154
352 23064 19962 5301
384 58596 2837 0
416 115708 33576 0
448 137186 38856 0
480 159039 45823 0
512 181380 52204 12426
544 205013 57978 13237
576 234612 65827 14784
608 260039 73444 16662
640 286874 81108 17896
672 318322 90367 20598
704 350858 98332 22586
736 380275 107188 24573
768 415880 117310 0
800 454091 126620 0
832 486022 136915 0
864 522067 149085 0
896 565140 159891 0
928 610111 170479 0
960 653572 185207 0
992 689009 197019 0
1024 738034 208970 52071
1056 794568 223213 53168
1088 836147 236540 55354
1120 883310 251215 57690
1152 938716 264655 60733
1184 994006 280586 65210
1216 1045232 296190 68364
1248 1100991 312850 71481
1280 1168728 327694 75254
